Photo1:
	0.3669064748201439,0.2964071856287425
	0.539568345323741,0.17065868263473055
	0.8669064748201439,0.5119760479041916
	0.5035971223021583,0.8982035928143712
	0.21942446043165467,0.5568862275449101

Photo2:
	0.35330578512396693,0.25149700598802394
	0.4462809917355372,0.38023952095808383
	0.4772727272727273,0.562874251497006
	0.1384297520661157,0.5868263473053892
	0.7933884297520661,0.5269461077844312
Photo3:
	0.3424657534246575,0.25149700598802394
	0.8246575342465754,0.48502994011976047
	0.18356164383561643,0.6077844311377245
	0.4958904109589041,0.6107784431137725
	0.4712328767123288,0.8832335329341318
Photo4:
	0.10526315789473684,0.25149700598802394
	0.7236842105263158,0.3263473053892216
	0.8947368421052632,0.39221556886227543
	0.3236842105263158,0.8323353293413174
	0.6157894736842106,0.6736526946107785
Photo5:
	0.2553699284009546,0.23353293413173654
	0.29832935560859186,0.6347305389221557
	0.2577565632458234,0.7724550898203593
	0.5536992840095465,0.17964071856287425
	0.720763723150358,0.23353293413173654
Photo6:
	0.9197860962566845,0.31137724550898205
	0.22727272727272727,0.8502994011976048
	0.6283422459893048,0.6526946107784432
	0.4893048128342246,0.5329341317365269
	0.2887700534759358,0.6407185628742516
Photo7:
	0.31026252983293556,0.2874251497005988
	0.4195933456561922,0.4245939675174014
	0.7947494033412887,0.41317365269461076
	0.6825775656324582,0.6916167664670658
	0.4224343675417661,0.8502994011976048
Photo8:
	0.7020785219399538,0.25449101796407186
	0.8799076212471132,0.5838323353293413
	0.19399538106235567,0.7604790419161677
	0.08314087759815242,0.2874251497005988
	0.4503464203233256,0.5
Photo9:
	0.31956521739130433,0.18562874251497005
	0.5347826086956522,0.1377245508982036
	0.9152173913043479,0.781437125748503
	0.5456521739130434,0.688622754491018
	0.21304347826086956,0.5958083832335329
	0.8173913043478261,0.49700598802395207
Photo10:
	0.25806451612903225,0.4491017964071856
	0.021505376344086023,0.7964071856287425
	0.23655913978494625,0.7275449101796407
	0.5591397849462365,0.4820359281437126
	0.7354838709677419,0.5269461077844312
Photo11:
	0.5393700787401575,0.7844311377245509
	0.8366141732283464,0.3772455089820359
	0.1220472440944882,0.38323353293413176
	0.265748031496063,0.6676646706586826
	0.13188976377952755,0.8203592814371258
Photo12:
	0.22247191011235956,0.09880239520958084
	0.42696629213483145,0.23952095808383234
	0.9842696629213483,0.24850299401197604
	0.7887640449438202,0.23353293413173654
	0.7595505617977528,0.5179640718562875
Photo13:
	0.17515274949083504,0.3383233532934132
	0.6883910386965377,0.592814371257485
	0.9470468431771895,0.5568862275449101
	0.5498981670061099,0.6287425149700598
	0.6456211812627292,0.9221556886227545
Photo14:
	0.4211822660098522,0.23053892215568864
	0.4433497536945813,0.46407185628742514
	0.4408866995073892,0.6526946107784432
	0.06403940886699508,0.5868263473053892
	0.7783251231527094,0.23053892215568864
Photo15:
	0.2876404494382023,0.3413173652694611
	0.18202247191011237,0.16167664670658682
	0.6426966292134831,0.0688622754491018
	0.7325842696629213,0.05089820359281437
	0.35730337078651686,0.625748502994012
Photo16:
	0.45393258426966293,0.344311377245509
	0.4,0.023952095808383235
	0.9370786516853933,0.8353293413173652
	0.8112359550561797,0.9700598802395209
	0.2292134831460674,0.6736526946107785
Photo17:
	0.7578125,0.04559270516717325
	0.701171875,0.6474164133738601
	0.48046875,0.9148936170212766
	0.701171875,0.6504559270516718
	0.796875,0.44376899696048633
Photo18:
	0.5824634655532359,0.03592814371257485
	0.6764091858037579,0.8712574850299402
	0.12317327766179541,0.5479041916167665
	0.37995824634655534,0.27245508982035926
	0.5845511482254697,0.23952095808383234
	






	


